01408112236
1409322900
1409322900
1409322900
1409322900
1409322884
1409322884
1409322883
1409322884
1409322884
1409322884
1409322883
1409322883
1409323713
1409323713
1409323713
1409323713
1409322324
1409322324
1409322324
1409322324
1409322324
1409322324
1409322324
1409322324
1409322191
1409322191
1409322191
1409322191
1409323819
1409323819
1409323819
1409323819
1409323819
1409323819
1409323819
1409323042
1409323042
1409323042
1409323042
1409323818
1409323670
1409323670
1409323670
1409323670
1410535323
1410535323
1410535323
1410535323
1411745343
1411745343
1411745343
1411745343
1411745343
1411745343
1411745343
1411745343
1411746518
1411746645
1412961234
1412961693
1412959259
1412959259
1412959259
1412959259
1412960105
1412960105
1412960105
1412960105
1412960892
1412960892
1414170601
1414170601
1414170601
1414170601
1414170601
1414170601
1414170601
1414170601
1414170601
1414170601
1414170601
1414170601
1414170601
1414170601
1414170601
1414170601
1415380430
1415381613
1415381994
1415382256
1415382256
1415382256
1415382256
1415382549
1415383711
1415382063
1416594542
1416594542
1416594542
1416594542
1416594542
1416594542
1416594542
1416594542
1417805891
1417805891
1417805891
1417805891
1417819348
1417819348
1417819348
1417819348
1417819348
1417808796
1417808796
1417808796
1417808796
1417819348
1417819348
1417819348
1419029482
1419029482
1419029482
1419029482
1419029797
1419030704
1419030704
1419030704
1419030704
1419030857
1419030857
1419031008
1420241585
1420241585
1420241585
1420241585
1420241585
1420241585
1420241585
1420241585
1420241876
1420241847
1420241847
1420241847
1420241847
1420242603
1420242603
1420242603
1420242603
1420242603
1420242603
1420242603
1420242603
1420242138
1420242894
1421456432
1421456432
1421456432
1421456432
1421456854
1421456854
1421456854
1421456854
1421456854
1421456854
1421456854
1421456854
1422671411
1422671411
1422671411
1422671411
1422671411
1422671411
1422671411
1422671411
1422671685
1422671685
1422671685
1422671685
1422667227
1422667227
1422667227
1422667227
1422668631
1423878422
1423878422
1423878422
1423878422
1423881045
1423881045
1423881045
1423881045
1425092191
1425092191
1425092191
1425092191
1425092191
1425092191
1425092191
1425092191
1425091049
1425091049
1425091049
1425091049
1425094083
1425094083
1425094083
1425094083
1426310344
1426310866
1426310866
1426310866
1426310866
1426309579
1426309579
1426309579
1426309579
1427523496
1428737098
1428733463
1428733463
1428733463
1428733463
1428733463
1428733463
1428733463
1428733463
1428736690
1428736690
1428736690
1428736690
1428733764
1428740490
1428740493
1429952301
1431162270
1431163190
1431163600
1431163763
1432375923
1432376164
1432375959
1432376547
1432375959
1432377054
1432377392
1432377924
1432377678
1432377944
1433601403
1434821291
1434821291
1434821291
1434821291
1434823231
1434823803
1434823803
1434823803
1434823803
1436066999
1436066999
1436066999
1436066999
1437404124
1439833743
1439833579
